# Fitted beta (interaction coefficients)
-0.218590 -0.317835 -0.028331 -0.025592 0.182285 0.188882 0.240839 -0.061918 -0.021087
0.258663 -0.350802 0.116500 0.060495 0.123417 0.251550 -0.099238 -0.142301 -0.022657
0.435873 -0.451323 -0.350996 0.026529 0.270639 0.382415 0.279874 -0.266064 -0.027121
-0.132518 0.188169 0.054351 -0.073013 -0.117918 -0.072899 -0.154196 0.131726 0.001294
-0.101021 -0.082968 -0.078173 -0.045801 -0.376861 0.002585 0.107259 0.096554 0.031130
-0.065951 -0.078788 -0.039174 0.104296 0.113783 -0.116313 0.090880 0.126777 0.004498
-0.079270 -0.034636 -0.040269 0.237089 -0.143201 -0.301653 -0.355171 0.131792 0.007922
-0.480542 0.532262 -0.052816 -0.019976 -0.216546 -0.201410 -0.350223 -0.046048 0.036564
-1.173089 -0.591939 -0.589075 0.785954 -0.071906 -0.257235 0.783598 1.260200 -0.287555
