# Fitted beta (interaction coefficients)
-0.276031 -0.666810 -0.183856 0.800169 -0.165311 -0.768846 0.526678 0.152838 0.002561
0.038409 -0.049656 0.131699 -0.632532 0.194240 0.588396 -0.278587 -0.143616 -0.023484
0.106557 -0.443677 -0.534542 0.080775 0.099136 -0.056695 0.371115 0.062447 0.010643
-0.173588 0.342831 0.095932 -0.063697 0.052232 0.391400 -0.275258 0.224420 0.006883
0.073025 -0.319234 -0.154465 0.032063 -0.412967 -0.342655 0.279737 0.026938 0.036186
0.006032 -0.133142 -0.178335 -0.315235 0.133350 -0.392967 0.167206 0.095491 0.025116
0.107419 -0.093009 0.005924 0.648722 -0.143191 -0.371147 -0.366170 0.103950 0.004494
-0.176219 0.523679 0.074632 -0.632486 0.195728 0.672375 -0.387492 -0.370863 0.005778
-2.201454 1.702118 -0.301575 0.622926 -0.603358 -0.174769 -1.071327 1.689882 -0.231016
