# Fitted beta (interaction coefficients)
-0.223381 0.101560 -0.015241 -0.417794 0.283071 0.392700 -0.096071 -0.054332 -0.003082
0.016216 -0.297085 0.012807 -0.174233 0.161338 0.354905 -0.073529 0.024837 0.000613
0.074617 0.207867 -0.410933 -0.403752 0.264487 0.503979 -0.178739 0.006725 0.017645
0.034350 0.366857 0.108312 -0.106106 -0.102292 -0.106389 -0.343000 0.038528 0.000408
0.051127 -0.191311 -0.034309 0.074930 -0.292089 0.139297 0.167199 0.036808 0.019540
0.017927 -0.295327 -0.078018 -0.031830 0.176499 -0.099079 0.268063 0.038712 -0.000772
0.194284 -0.361234 0.049735 0.573236 -0.092873 -0.239053 -0.149945 -0.028923 -0.024436
-0.083178 -0.181297 0.025319 0.534663 -0.182082 -0.255811 0.143061 -0.312281 -0.012098
-1.152965 -1.014154 -0.662295 0.347843 -0.113362 -0.416732 1.128538 0.971252 -0.306606
